5471322
6294337
2230001
3334231
6500934
1173444
2475627
5982871
8152706
8128038
1969239
8724792
8803531
7958388
9249761
1304113
4469645
4585817
7105059
4442192
4736716
6344327
5064900
7157266
6470955
1845598
5115410
2596917
7858121
5334338
3408506
6263357
5463235
4714473
9303581
7325676
4441495
7102563
1856280
2846635
2248389
2692146
3419019
8158747
6555787
4774535
8331285
9025091
1940767
6032268
8791511
9960754
9888512
6586676
5479034
9636868
8126180
9488497
1671910
4929482
2893204
9155572
4861589
9857868
3859816
7193590
3286620
5492079
7674647
4111066
4134589
9036825
7503588
8627023
6997010
8252147
6186951
9961143
3663845
8097140
9485689
7541213
6303075
5611174
6601952
8220553
8153462
5367224
4718151
2945042
9703318
3304982
5141214
7047418
6972168
7057852
2514691
8784469
8478967
3536336
6080221
7482399
4319380
1787817
5332153
6581168
7849174
7504410
6743941
4383569
5706007
9602850
8130470
8560298
1657557
9380725
3793449
1211908
9144333
6002080
6816909
5953711
2588223
5641579
7211078
8209529
3657071
8394916
7545045
6770423
9456570
7489163
4779083
6192657
1726390
9326317
9845324
5290028
2534349
8262260
2961513
3770276
3175468
6864353
2014275
9522531
1175286
4861714
5369374
7895356
3554156
7810229
2538493
4275381
3381596
2332774
6390976
5380732
9796881
1931751
6544905
6703224
5146858
9895315
8176317
4333473
9903870
2306914
5043172
1819269
9655300
3836531
9978758
6874587
6624230
9201606
5485059
1833751
3523010
9605109
3047005
1824706
9428950
7350268
9838419
4735381
7507316
1445458
1749753
1718565
4028193
7641611
7149665
7963766
6489360
8585472
3613728
7462419
1980401
9394283
5299412
7674997
7202241
6742956
3889274
8939868
9592297
5311303
1673990
3763030
9907437
6908984
6706571
8846050
7660677
9998278
2276220
4911541
3145532
4384169
4707701
9603113
3963892
2496351
9996426
8663017
9663158
7741323
8811177
4733904
3660698
2942627
8020366
6538335
3261071
7560519
7666960
5893419
1879264
2332776
2963285
5825966
4787235
3743565
3373485
2385419
8057877
8109310
6794378
4899026
7408569
6196128
3110588
7834876
2973736
1978796
6336749
1145819
9646983
1872748
8260733
1662959
3705073
4306035
6719877
4581396
6339173
1412232
4579606
5726026
3666656
9689816
6749777
8659051
7548066
4566379
6302422
2932445
1561933
3630199
2257983
3425533
1630616
3647807
8968136
9495771
1715191
9009386
9855740
2596359
4738134
2894671
5034112
3097659
7008110
2419329
8651946
1748785
7822497
4871052
5442840
3691068
7830814
3600375
1309795
7374137
5597854
3333564
3561456
5095278
6043356
8746411
8330581
2029970
6814971
5845702
8470829
2650765
7569733
6085225
2589091
6501691
9976026
4330962
3255953
2093296
4905482
8001207
4235162
6260546
1480713
4412954
2267191
7064541
1723217
3007000
9340991
6986839
7000059
2976867
8799365
6196096
2734144
3646281
3833049
3045376
7394740
3376982
8845769
6603786
3642900
4838247
8336514
3576437
8791316
2453198
5729242
4709304
8598175
7725538
4032579
7994810
6614636
6692554
2345809
4416448
8034620
6923867
1640726
6377905
3238409
6637214
2138880
6879434
7143643
5505487
9320438
1425498
5910498
1400141
4939858
1486002
5132377
3989165
4946224
3951404
5534030
8934077
7184508
2596310
3645041
7550659
3363583
2140662
1327794
3982801
8153234
2878425
6816189
3356878
7676224
7280477
4001644
5675758
3600379
4987092
3051106
8896113
9242357
6795906
5019672
1942275
8778921
7425297
9282824
7327868
9445106
2884841
1366365
4681236
6568620
6191005
8806431
7671295
5399567
5979245
1619661
8739434
7163555
9490333
2825857
1120717
1957061
8071454
8137555
4772927
2446993
7635428
7164814
6780254
4988572
3704889
1225599
7905071
2054057
8252443
7879892
7822110
2230419
3942587
8806741
3100641
1362976
9220592
1200342
3771102
6029805
9492949
4330442
3115629
7244461
1435433
1529855
8166261
7422501
5723879
1139670
8716018
7400463
4323834
9100785
6689332
8247477
7273594
8175833
9677885
5899052
6458812
9165614
6718892
2128700
6149374
9762261
9870642
4384159
3094345
4721259
7753666
9441684
5943244
6329823
5363523
7898328
4572937
9500394
9640680
3140289
8273312
4559588
1700968
8824083
8292800
8430183
9386522
2428945
2271358
3156581
4986767
5460585
9211113
6959842
3265037
7558787
7171379
5309391
8049032
1990543
8680152
8271542
8078625
4333744
9280365
2254092
7689461
2238122
2581360
2915429
8846365
7833073
3576744
1458591
4316209
6382970
5939901
2157002
7414488
7119444
9192139
7347775
9085060
1523082
8145950
4803536
8387991
8185644
2734466
9928855
1968972
1392363
4825580
1402110
5567646
8765848
9213473
5912279
9838208
5043464
9869183
6156751
5424692
2715775
7979362
6722253
6285759
9035178
4084951
4834006
8534918
1572215
5963255
3398856
3859886
4913767
6310668
3672355
5260949
7222565
2144023
5931823
6067704
7841882
8508298
5659105
5414634
8859615
8133565
8962417
2182110
2943527
6922809
9887145
4057514
3902764
2471717
1717567
5691609
8404215
5114659
6654795
1491068
4138627
8884583
1605304
1591550
6518746
4034499
1966618
1816556
1265102
3009210
1401163
4966071
4653246
3749771
7467981
1577819
9250333
7236304
4728062
3432958
4344087
2230717
5900129
6598594
2826389
4587448
2009200
7787311
6521738
8513377
9603520
5720023
9766126
3914535
5641449
4722468
6625085
9055496
5811599
3440065
7508020
6386986
8351158
3010758
9757944
4873644
2865366
7141845
3276631
9728897
9706402
2411597
5737142
6240657
4990433
5131672
4895496
2950022
8370608
3385658
6551412
9173549
3863584
3946174
7641376
1824033
4956174
8345184
5124559
6215457
5421363
8423344
8897319
4815521
3337043
7559210
5924184
5294947
6527568
3875127
9584345
8086441
3629835
1768482
2368287
3450489
6994092
8140566
6334994
8899096
5342966
8922884
4368143
8587561
2729959
3365963
6761804
7538096
7866592
4827031
1194188
4127815
3474845
6006481
1827935
2704402
5144887
4114495
6348549
6295821
9549332
8684697
5908850
6849656
5769669
1802572
6513163
2968058
2937066
6723770
5163382
5763842
5703323
9162741
4631286
6335750
9896391
7515950
6014540
9772389
8208763
1169333
7047884
2570878
2174751
7752685
8454781
9006850
6121489
3320158
4376773
6907265
3993237
2416398
2671649
7889404
6213225
2662790
3789430
3209646
5849657
8348303
8126018
8600194
8176876
5240314
6880212
3312369
7755187
1841098
9062459
4482102
3985235
4541923
2541591
1408937
8544236
9416827
1537000
7422481
7388362
5857119
1976161
8653212
9016572
1633285
6298261
6647051
5208411
5529409
5864949
7297265
6634812
2796628
4266941
4751639
5312793
6990853
6854464
6096840
7823721
7594713
6806185
7251615
9253014
5945577
4727166
5687038
8415923
5269466
8721474
6589173
8265613
9272586
5803468
8207572
5488247
2444075
4837007
2297724
7602966
6287817
4195583
6069576
4101239
9672872
2118033
7913585
9207137
8474071
8579973
9350334
1764549
3711615
1387267
7440844
8500633
3617200
7271181
7578147
7666161
6894349
8936593
7634371
6120810
1532302
7593822
4818809
7852438
9166683
7011590
7694652
5604674
9021127
4616608
1930154
3631738
7127346
1791247
4238440
1626652
9383040
3516546
2759446
7295030
7478812
4791010
4570367
3723372
9746979
5347779
2744580
9506795
6527145
6496542
4205382
8190336
4873086
4747862
9539982
9815338
6863823
8454517
7389572
4996026
6180506
9063246
4577268
8593154
1563901
5111161
1288642
2284584
4313861
1280227
5172163
6447524
6325692
1345005
5628812
2265767
3454014
3902295
9321756
8832182
9671645
4033971
2017612
8934258
3113296
2116047
3682438
3137086
7277952
8843569
9785796
6272833
7255719
7917538
7189133
2610607
6255978
1566030
4240236
8431935
7904303
6140389
7546046
5178297
4473522
5789557
9672023
1907082
4868184
5459590
2913104
7346691
2783980
5772082
4010340
8619679
8547374
8473098
1449603
3129471
6861433
5640888
9288875
1137417
6086345
7219860
2333743
8770236
2820750
1673422
2676521
2694658
6247241
7621952
6447034
7423033
6810673
8317408
9212012
7904524
9264313
1380104
9082661
4185602
4464901
5506240
8700715
4855402
7719055
9868179
2416873
4674998
8363408
9887161
2929378
6939983
1392079
5870146
2027245
6865338
2105868
5401727
2220595
1799941
9165566
3609421
2332274
7024549
3533409
3397316
6120898
9324612
7300751
1843818
1177056
5474871
2788224
6534614
3085598
9997909
2312702
9180103
3426939
7675907
7564034
1638827
4631638
6394235
7033318
4155866
5720453
8981030
9386753
4742297
9869813
1584636
1644270
9919679
8824531
1641763
8106728
4149930
4783016
8972885
7103131
8512024
9280711
6018288
9361783
8384615
4361405
7496148
5653352
3520220
8670266
5541586
7771101
7253505
1582947
5112943
1651452
2229337
9754566
2529100
8558071
7738690
3513473
9734905
1999830
3114759
9913532
6209459
3154972
7071818
5526109
9570244
5078509
9164736
8283957
4407361
8508487
2916302
9745240
5015629
2892226
7816552
5654456
3934227
2588521
1649387
3628454
5801242
7282929
4649375
9085428
1644620
3508717
8348814
6465471
7337141
6446101
4253787
7711722
4382734
9352703
3152999
9767631
6994082
6304880
8784288
9964409
4915529
3916919
5017087
8657133
8762857
5339493
9540157
5515552
1757586
6360389
8616817
2601159
3885113
4932440
8596481
5489147
9145335
8326936
7635971
3669793
5570494
3125191
6430323
6563898
3148686
6797999
3996628
1985861
1564660
8183113
5184348
8790089
7680946
6282663
8994782
6209823
5962004
6063303
5080115
7370660
8989075
7739470
9235745
3092034
5311386
7111229
2566556
8642290
1582373
2984633
2599723
4187741
7791504
4541272
3262113
6441604
6105523
1410673
5370695
7678576
1974488
5906543
8918694
5347818
6996401
3253458
1397063
5535745
3832364
7263981
9797144
2271574
6954335
9535282
6506746
8599978
9662302
6270740
7799280
5864079
6943497
9233636
7301348
1171446
5994574
2459535
9423563
2497109
3993678
3743488
4081769
3322954
3103908
3722116
5415653
8929700
3840777
8736048
9190049
8333131
6140893
6878342
1470091
3745988
2735042
8879494
6394957
1961038
1908264
6827473
6178727
8441253
9164639
1346871
6908202
4681347
6485920
8189701
8938023
9202537
6256264
8020796
2476124
9767900
1186936
7768120
6424322
2879038
7283384
8786099
2645296
4415775
7208472
8552252
9600216
8649336
4228700
9105363
9512949
3439010
3154870
7065139
9326230
1406454
1419382
7499582
8478137
8749540
1171012
9216258
8064907
2289327
5859299
1189648
8289508
5905226
2039184
8009867
9076300
6120029
4520245
8506290
2497488
6652620
9239268
6334672
4636674
1511163
7330342
7176056
5625873
3801751
7424001
1871920
4694018
9286112
3798101
3852568
9152293
6609753
2746707
3531050
8246223
8370561
5572337
7717042
2602711
6867146
3134086
2346198
6356996
1341770
6538301
6373073
2670651
6166284
3284400
9647370
5367991
6690745
6471004
5389013
9574482
6549590
7658122
6246809
2895585
7866459
2193265
6471702
2010636
6385030
7172185
2251978
9254268
7983671
6766385
9524456
7339486
7406273
2212676
7241201
3484242
3425772
2180168
1561325
4731877
3544497
5793949
2403752
8386570
4026487
8544453
7376665
8930334
9172748
5989624
2106540
9897844
5636070
3376507
2761142
4961879
6913130
5346668
8242364
2779341
9661148
7621955
8222931
5459386
9388187
1846336
2481298
5349222
3485506
7777973
3326598
8238283
4943051
2004630
4473900
9841308
9504020
6162092
9475616
6490796
1303502
8720128
4414611
1557863
5885062
2164199
8226160
1160951
4498418
1186887
8810696
7679199
5049721
8057679
6153310
3845751
1936320
8327765
6398669
4347317
1393093
1662107
5301632
8282050
2056563
1743698
3449479
5738700
3081633
7162701
6190908
6533077
6572665
2422817
9566888
9098387
7754121
9413884
1183610
3071842
8779533
2285614
2776692
1945985
9619683
6708124
2854019
7332531
7498282
5751283
1802273
1585270
6900657
7674014
4667061
8637707
8411250
3620817
5634475
9520225
2264449
1474752
7821035
2395944
1767686
3988846
6750509
4417563
1534070
3330079
9470375
8943413
6633638
5090676
2802600
7372362
5341043
3505973
9201470
7912509
9302366
8620246
1539199
4449677
8869909
2888894
9630374
3848377
3773472
6358476
5973992
9500880
7358738
2598455
2458876
3698882
5768179
8609536
5546579
7972142
4551654
7785061
5697022
7480077
5237245
9989145
6258261
9280364
4583299
1857979
8494254
4595550
3499532
7185268
4862163
6268668
4229956
6611983
4907455
2043237
3052497
8770740
5275032
9969736
1975586
5550755
5827059
1793518
1983937
6243253
5718511
4189086
3208167
4163454
5505464
8946729
3346019
2289616
6482661
5601500
2359290
2982118
9450010
8890465
1803171
1738816
2364725
3592213
5833019
6450253
5699346
6208098
8092978
4059691
7149343
3573734
9659225
4904659
4413889
5427510
3476236
1152304
1690568
8613490
4122185
2369525
9077457
4593364
3658761
1495948
9569294
2430932
7573152
6653439
7437732
6226327
2193708
5772105
8614714
3497891
9402012
8508264
2592816
6256433
3138749
3726829
2230779
8119777
7479930
9972099
5114124
5252279
5254597
3214689
9050472
6868216
3800665
1547336
8694839
5268751
2523507
6099748
1554254
3065961
2753343
6006184
2755167
1753958
9814598
5162343
8987210
1618191
5135462
3145579
4193830
1161213
1519215
6463661
6552561
4318546
1769614
3598913
6165657
6927851
3689889
3402678
4424262
7097124
9393613
4103013
8742839
4808477
5941902
6338611
2601437
1735322
5543858
6120164
7025674
3624285
2024987
1611083
3274565
1671530
3134052
9130867
2946717
9583589
7823172
4214026
1830671
6559964
6733425
2823771
6198649
9805044
5695468
5395961
5802520
5418534
7766194
5575129
5931412
7084371
6288322
1220846
2855578
5062433
4872891
7416869
6541214
6962869
1226817
4330694
4287103
1847028
9233204
8037450
6911655
1775825
7850534
4356853
8964368
6934378
8285821
5350327
4960794
6772153
4591474
6547825
9994626
5863720
9256589
3505072
6142941
7175724
9208516
3843220
2089519
9533789
6582672
1453266
3374052
1548817
7388788
8497170
5641933
6693827
4252499
8723916
4634489
1211126
6644385
5736741
1463354
7220797
2102584
5717563
7486951
9036282
5688451
6715941
6337497
5802245
5408221
2607703
4151298
5394561
8314240
8351778
6509395
9109804
2627780
4900061
7661836
2949909
8266350
2007194
2143071
3799479
2200551
6128336
7222147
8718776
4072258
4183866
1350081
1126505
7634003
1899131
3451163
2458517
2092346
9267955
6884606
6432087
2325290
9758878
9666307
7172255
3930004
7737641
9694094
2875197
3037098
3525028
2508685
9170876
6981361
1873522
6841311
1258202
9666706
5530783
8459783
5540329
2468544
6916389
7155088
4312724
3463121
4085769
6440129
8858009
6954899
6160563
2995183
4827531
6144582
4987298
5137816
3126216
1576264
2404550
4503581
8261207
4048488
1727927
3913406
2416287
8024406
8942445
9317835
7504680
2149131
1695752
5902458
1449891
2458708
4243326
4194118
9629964
7524139
6235490
9778948
7006391
6810698
8244757
5869107
2856513
9448601
4025874
8171010
4932010
6290046
3048646
3894072
1692900
1268502
3993429
1161679
7248178
3869325
4812179
8276753
3867233
6709509
7222466
6369386
2529740
9391090
7982113
2190919
1974686
9431787
8244405
8654060
8038797
8350605
2653979
7360403
8946275
4082923
9436524
3769606
1371284
9653101
7313538
9147087
1387480
4052104
5190260
2855069
6812229
9510834
8742377
3604707
3946790
6609848
2764824
6799596
4099225
3002509
7350695
9429212
6179299
6763071
5930270
9934453
2184679
7932162
4911018
1939774
5377943
5853375
1860547
5515553
3821007
8648497
2237102
5030902
1590687
1395754
5275006
9166616
4128259
6400127
6220245
1426457
8686393
4301172
2769444
6713100
9726921
6454690
7013949
2100354
2796958
7886969
7172469
1434294
1718593
7344655
4501225
8033701
1691517
8799704
2222565
7155704
7143237
9856438
6784483
3679816
6330117
4807919
5372298
8500523
2995216
3252738
9404909
7128045
6603150
7161576
3756200
9922610
8683606
5279259
1620179
4071905
1216125
4452044
6653498
9249831
9549668
4384850
2349295
9275897
4171492
2913594
1547631
8985676
8161404
1966929
1664118
4415092
6016486
7684927
9242405
5950075
4346412
3056718
6433161
2755449
4928823
1432909
5407322
5071988
9254208
9881543
6769576
2347819
3254110
8379637
8869172
9671261
2381509
9276823
8799403
2520011
2855132
6709005
1789031
3776589
3041295
5547927
3483101
7989423
4867922
1946691
3288994
9775798
3072723
2081278
9301519
4197974
8206697
9061075
6331044
5139916
7570316
1919201
5315301
3572226
8692936
8852095
1347243
9517905
6746764
6729548
1132290
5903997
2214735
3894886
5287292
2219067
6495873
9568931
3780122
4467023
2117669
2741281
2912377
3152264
7665281
7310234
2762454
6123900
3024082
6749922
1410266
9099915
4528190
4854572
8697586
9421814
5211960
3852825
7281877
3973641
9934078
5860716
9275775
6481711
7960129
6693138
7413391
2453057
8432627
5360556
2515267
8121388
5051866
8725265
1505866
9208889
2078192
1975827
5840595
1509881
5795677
5684134
8263309
7314853
7543691
2605820
5708563
1965104
9712139
3242431
3467772
2316654
8097247
1457518
3089582
8451403
5358818
8749530
4566944
8980346
2250819
5513281
6032117
8245396
3930748
9182176
9102832
4462381
4669075
1638414
5591393
3758881
2879004
5162453
3416388
3299756
6414809
7220114
9153687
7087889
9663534
5288313
2129820
8036282
3259705
8242545
3784257
4195363
5746086
6643658
4484009
4586567
5175294
6835386
5677818
6509688
1299998
9983447
9266833
4021622
6573429
7031079
3503239
1824079
8721357
6495368
7078623
8271959
3923302
7827016
6612173
9696958
9036765
1279796
6308569
4840751
7009152
9323605
5536119
2769568
7707397
2767821
9834612
1477717
4710766
6733401
9906614
2497924
5685917
9423295
8613418
2720853
8205358
7491430
4060915
1405908
3067160
6862968
9308483
9064490
2501628
5095974
3174477
3263365
7724979
4811875
8358110
3760602
8743075
7732921
8591113
7817677
6629590
9360908
8663679
6783133
6923528
9138298
5642310
6051390
3623337
3741172
3392419
3919474
3990811
8760277
3373355
9823326
2356136
5075078
5469413
4840981
7373476
3332146
3442049
7046821
6003179
5020523
2322385
1159965
3601406
5413606
9116237
1847153
4532008
3606523
4966336
5370453
8245780
1671067
2232462
9298215
9773355
6999246
4893739
4084019
5986393
6537566
2422411
4607566
5100945
5973476
9455594
9689820
5462591
1988441
7191285
8576633
2468540
8499229
7588452
3849436
5551227
6921234
1823706
5954169
8600991
2240669
4574262
4982946
6540621
3222482
9521107
8762845
7111447
2094963
3801641
4974242
5889002
7525951
7774013
8197291
4678699
6953294
2661496
7479307
7258643
1836122
1635616
9090679
1591422
2569040
7135560
8204246
2326512
2057621
8473756
1373653
9994111
3788117
9946583
8676534
2018088
6631894
3648778
7200726
2302093
5151210
5994434
3288007
1799956
6399008
5785955
1352129
4773100
7603896
1665764
2347311
7760492
1866738
6935494
2366134
2978830
3461844
7742914
7550593
5431560
9160161
4254119
9334419
2489267
6101070
7605741
6315846
7891582
2389309
2268255
7432666
1403600
7747598
4311819
2216557
1284138
4545019
4813387
6979952
8332546
3350942
1407852
5151638
7705468
9028861
4884848
4366640
2525586
9986568
9721852
5298596
3769727
5057185
2018585
7245219
9105033
2061624
8584105
5767098
5926817
8407287
7523360
2582600
7481795
8839408
1187088
4838156
8397183
5214841
2148613
4859894
1370939
9181180
9825858
6405848
4852287
4952239
2556115
8222714
8665165
2594439
6183534
3899862
5667558
8072833
9149217
7826935
4000237
4067665
5281299
2913860
8465106
4838894
4464962
7856286
5823257
9892927
7793637
7377781
4275778
6743452
9242555
7565056
1701097
1664611
4634470
9884781
9675023
3855453
9979079
5849593
4402350
9638737
4136268
8997312
5193268
4043426
8052363
2639029
4770106
3427521
3845215
6863709
9168438
3598417
9268753
6079564
3051387
1525096
8182475
9316515
3165345
4323366
3497652
5375221
2955568
6301130
9523437
1733463
3929209
3888272
9816688
5370563
1614168
8044298
6883704
1190685
6601691
9367421
9511884
5423731
6891587
4619180
7942470
9132016
4467649
9559627
9616655
6589119
5370797
2240446
7956667
2255030
4839425
5101817
3917286
5432318
3960093
8993278
3846905
9277092
1558568
2165540
7723085
4872710
6980734
8224154
3194078
1289516
2409668
2318599
1946770
7413015
7440396
9993472
4485115
5556635
2498568
7045492
7947043
3327018
4813038
5767808
9777269
8126470
7738131
9595857
7573222
6950542
9179373
9737666
5939809
1726052
5117418
1177082
1879120
9519234
5184429
8273226
9900409
6218209
1683011
6962412
5942447
4520144
6308771
6773380
4109891
6614262
1515893
3194730
7090509
4561679
2614701
4760750
5350082
5170473
9242269
6225704
4072939
2069609
4307194
4540113
3267340
9455097
2512117
6918248
1303430
7976264
9772548
8459878
7447650
6781354
5111396
3756699
2085953
7868134
7622774
5928212
5513940
2426923
3653844
5808864
4399007
5814924
9855792
6255502
4972161
4681783
5884822
3622914
5795006
1218600
7892244
1241673
9426356
4735678
5809478
5355323
1868894
5426120
6834992
6590950
7014549
4822714
1560289
2099863
2890298
2007695
3743245
4350463
3497036
9573806
4762786
6795539
5806665
4982412
1213956
3654808
1932864
9010820
4418085
2245456
2751975
3155734
2700115
8885351
6288252
3010014
7784587
3416778
8617985
8207413
2963912
2888853
2606559
6998533
4715879
3821007
7374712
5631382
1892928
2090242
8207544
3172055
2973015
1934752
5047418
1751586
3857135
5447817
5378417
3661311
9119271
3056914
7879097
3434983
4170683
5028365
6617762
4058655
9901878
7717200
1167327
4423247
9383906
3417279
3544993
1386386
5199200
7645989
6838324
7028209
2891446
4912850
9755692
6892760
5016757
6095447
6457659
6731751
1587841
7961570
1545746
3155816
4782648
4914139
8924007
4066823
8565803
3276191
4355167
1920600
6780238
8043714
7407503
1324846
2282206
7167043
7909665
5098787
7950730
6567820
4743269
5774097
3696916
4116906
5929164
8735560
5553270
6611775
9057251
9797263
3620686
8577814
6245449
5759626
3858433
8647043
1899435
2419946
8195777
2882421
8922951
1582254
1148622
8504759
1864399
2827468
7404758
3436580
2433848
8746758
8327641
2147621
9178362
3249762
8595690
1823949
5149321
2465128
6780032
9676533
6423089
7969215
6797031
3646148
4534265
3464566
3869079
5946953
3313604
2781104
8821071
1536924
9498513
4884434
8867439
6478096
7799358
8775091
9583170
2331706
3876281
9153260
3087164
1562809
6192021
7606427
1775569
2855532
5233469
3667733
8482542
6487572
8891068
7974819
4799463
8696299
7818077
5790555
7538558
4816784
2982139
1424149
8508488
1632389
8918337
2367017
3694891
1414044
4579616
7664191
1138851
3750015
6963064
3585527
8816535
9149057
5664773
5068693
6635342
1503703
4621954
2498835
5437788
8471522
4507621
6411299
3005068
4536527
4559197
6390657
8755429
9293217
1715360
4345926
9186071
9530647
2255426
4551175
9958286
9717438
8306364
8812122
9319198
4577429
7783648
3747779
9185876
3913698
2595845
7585065
3729739
6121093
4379742
7427067
9540678
3075158
4522694
8708943
9718773
3712594
9706952
3830221
8068345
7376087
2813521
3105610
6003853
8664898
6514532
9281709
9374394
3121350
4271320
6037827
8231430
1711221
7686347
1722482
1606796
8425713
1897472
2348356
8437605
8885075
2058900
8099446
3720157
6365926
7146029
6597543
7129376
2190832
7984410
2068668
8774832
3464480
1990077
8064739
8771733
6655230
5732090
7612709
9954058
1489897
4375354
8202340
7068578
8025407
1659688
8091153
7207373
2537154
3979216
8713360
5284555
3783122
3577534
6305546
3463811
4238049
2371314
5386127
9612428
6407649
4629404
5072336
8742119
3261381
9250445
2044242
3149295
7071588
3387113
7084296
8217806
3378772
8309119
2838398
8150702
7002379
9771717
9551379
3228740
3273830
1446188
6371756
6496057
8583874
3207896
6958401
1649627
1571822
7513615
7454564
9759907
9632611
3620830
2755762
6652225
7338511
9838956
7381653
4525697
6759204
9398360
9806272
5975087
7752725
3156706
3674510
3497570
6925467
2149440
2249048
4211330
7712825
6340938
4345550
3772569
7547603
7295249
8540770
8207319
5154617
6006584
7041426
6964234
8413702
9810268
2334152
5022551
2854792
9797547
4903269
2015647
9442616
7910614
6774116
6656424
1972293
1969212
9560020
9676745
1502681
6570655
4402719
9455897
6487003
4885377
7055105
2790389
3926330
2490385
4987865
4865005
3115949
6305374
6055331
3445208
4132721
6962734
2034265
9328201
4911843
4153152
8073723
9007490
2965603
1132453
1409786
1645218
2896210
4749611
9077437
6728318
2125831
8786142
3770805
9886789
9731683
5908128
9813766
5476698
9862329
2985630
8181916
9718401
6315501
1577641
3888293
5760365
6953703
7863333
5604359
6565795
5145407
8720737
8239570
2924187
9974339
7112743
6939253
9968602
7254015
3108230
1572258
9321403
1936867
6092832
7036068
4756318
2610409
8157738
5287088
4193876
2672421
4551252
2926311
7305103
8372863
2017181
4528144
4560758
8870296
6929907
1459332
3194811
3705587
2511829
7486883
5186845
2134235
2417015
7324138
4814041
8152119
6102213
5750021
9366370
8183167
3220381
8440539
1414847
3339105
2595153
9395488
1569531
9301263
7550504
7396176
8165676
3972827
2581343
1367097
2373694
8346372
5856885
4941971
9694774
6119848
8146946
7205717
9384942
3959551
3344078
7181964
7848268
2478334
9480444
4497073
7813419
7617294
8932228
8056906
1390983
4000213
4833419
4390769
8828291
1949014
6528290
4650465
5830017
5197770
1599666
9340413
2407674
2773492
1941846
8026160
9300015
2367785
2728836
4635814
3231364
5551011
6324499
6348586
1177554
8150474
4756430
8025516
6688676
4045668
4634031
1235833
8508126
4838255
1241512
7752016
1592707
9560388
9387112
5125585
9104138
6515925
1941058
4317431
2879883
9793881
9428739
2245564
5317980
6529727
2785067
2995522
5569194
4304374
4478336
7494224
3406257
1671139
7488865
9792439
9666153
5591617
3880454
4136780
7829612
2139773
3853171
4874514
2922482
4743461
3031109
9434923
6179436
5938282
3130567
2591288
3483925
7688636
8962827
8212302
5602256
7553399
3755083
2062853
1485353
2856880
3431277
7849675
7453836
5221227
6778087
2067832
6682405
6804241
7656010
6641283
2139886
8407892
7786343
4600421
1754487
1912416
7284231
5347581
9480432
5062957
5813741
8463377
9445880
4505755
6547719
2299150
4225409
8348311
8042888
3905350
6582162
8605556
4733641
9091893
2601498
5964414
7233367
4783332
9169421
4219366
2196877
5062028
8146836
5223012
5167101
2330545
3597493
6877732
7043148
7759256
6326968
4091976
3876369
8759808
4533550
8658242
3697940
5408486
4384947
7371148
1282264
6956322
6555152
2553316
6922960
7918433
7158803
4100313
9715879
8821941
6501743
1883911
7963915
5212515
8147700
1457466
3948766
2952582
9214088
6286107
1624905
2729856
4775588
5238031
6978387
9074737
8627325
1948668
2512815
7340847
4780076
1129637
9090514
6286128
4716324
3300388
7400846
9307662
6129902
2282565
1632210
6839247
7721916
6672830
9278508
5230165
9352306
4490335
2490666
4878079
7678578
9458897
2597756
9761316
8147949
1540991
3038887
8822020
9103969
5961476
3352397
1885929
7840368
7714903
3128241
5383668
8778583
3309266
4565165
8743944
6120339
5915941
8876564
8425579
1337110
2805006
9759326
3924713
9870227
6438333
8628344
5110819
9239643
2154134
3636300
1136534
8112242
5623535
4206094
6379078
5771376
2403160
2897251
3130773
5672290
6218326
2424535
6405326
1757076
1597678
4337505
8947989
6674535
1444217
6602217
9949707
6259332
2958867
8606895
4028467
8964081
6522358
7453895
9095000
8063497
8828213
9571155
8741168
6193022
3098916
9694774
8245516
1562394
5515036
6641062
9509669
5047807
1961992
9214994
2932956
2721066
6681263
6482580
1727529
1595276
9730836
5228733
2035318
8565449
7249919
2391445
3712624
8702860
2572394
4968239
8135600
9841366
9101509
5402794
6871321
4575414
7045902
8157479
2761040
5457204
7415120
9550870
3130354
5670349
4576690
7602398
5229481
1339717
8805267
9663551
6289357
8916236
2323200
6645550
6184186
2017105
3649805
3531899
7832481
3736802
5682913
8329801
9247132
7695800
7982212
9208094
3927836
4632654
9692238
3642306
8315995
4506087
5822119
8092072
7640306
6233801
6607388
5686242
3639857
4675594
2052185
2060818
4420396
1151298
7303593
5551487
2112526
9578132
5428132
5547220
8921112
5811752
9046041
5395556
2307920
6500907
3767536
5153182
9756002
3175533
2840234
2918759
3917778
9672670
5774016
3651103
5335123
8232647
6649329
6164445
4086634
9067105
5541115
7362799
8545552
5233797
3069983
7098704
8972059
3465802
7774442
3869521
8556999
4155511
6370187
1383144
8578804
7848419
4997732
3947940
3384501
1665668
9402473
4501198
2426672
8365978
6217239
3255523
3974313
5851087
1404420
3201882
5201032
8116309
6526673
1831950
6519097
9157400
4748682
9138302
6218789
5869042
3426449
9221657
9655328
1945453
1139498
6027487
1226410
7172768
3350120
3226427
5824322
2266877
8495493
3346984
1921481
1254746
5517974
2653103
7172526
8944742
7126600
2092792
4453512
2729913
6394521
4425524
6526580
2202541
8048995
3479673
5046056
2719577
4486000
4762547
7758446
6323226
6764616
1493345
9016919
1866850
8842852
6444001
2112523
7410780
3803590
6495093
4433553
8244514
5343453
2194277
1271140
7208171
7144186
8912762
2031605
8473482
8721950
4073250
2575909
1697825
5707057
6233987
7724626
1665765
1558052
4132388
8129422
8220483
5370800
1748280
2137651
7308477
2927310
2906352
2174021
1687058
2133686
4280196
6644053
7725010
6319370
2541465
4450974
8875682
1422347
8817215
8729039
4066349
1230157
6531136
5912763
3405147
3893659
5700503
5218545
2016448
3893544
5705228
1119255
6835932
5233150
1447149
5708921
5666422
7199963
4819237
6717236
6972802
2774491
7399899
4009484
5107894
3654719
2609573
3769763
7544637
1829905
7681230
6830768
8633300
1869080
4126800
4299767
1298711
1785808
1940643
5196234
7988455
4470288
5409952
8813926
4548272
1467243
1838452
9779541
9288676
2628873
2136637
9200809
5959921
6503113
9406901
2412860
7431564
9813789
9685092
4241554
8270305
3523299
8701071
9442767
7378593
7473567
4470009
4210771
3279126
7021178
4357558
4125722
7945905
6471087
4230504
6920181
3443289
6431741
7640556
9302606
4120077
2589084
9383331
9271146
5886449
4820486
2370105
4643394
9339633
8949015
4694145
8799739
2900422
2030025
2576090
3632708
1635248
2250749
9518486
9334452
7354198
7880460
7123814
6070136
5814991
8680250
9108783
4558996
9682101
1970298
8741266
1145333
1559458
7438186
2457438
8617944
9399581
2353230
3188754
8954526
7409427
2364110
5836344
4018431
9032745
7125835
5688295
6749054
9777541
6728349
8891523
9498432
8575285
8967887
1518094
6303232
9522663
2292094
6606409
8110563
3061602
9122988
6573675
9208273
9563291
2323308
1881948
9676447
2385421
6639095
3341269
6446639
7168509
8018990
4113985
3946271
3550514
9229247
5309467
2988531
6612118
5735443
4349314
2727137
2958147
4278646
9177892
8150624
2923255
3607172
6724904
5947337
7854286
7284220
1262288
7880047
5448035
8630665
9504008
2195404
5832146
6822804
4814292
8105112
8651060
6286985
2920843
6793129
1388577
3326859
2986378
7981651
7594231
2973478
6351964
5373230
7569183
7428889
4300623
9273585
8999276
4895849
7724007
3840264
1949272
5218282
8225980
5752387
6927721
5590111
6000582
6332715
8536622
6321414
3861061
6810261
8672047
1526296
9593503
9649388
6030249
8417201
6134024
6112803
8114440
6652702
3526305
2825720
9362094
3870315
9035456
7124972
9477179
1548600
5579820
1770984
9377847
2035366
7325395
4086764
4537982
6172619
5688242
9347386
6897263
2288045
5294979
2424379
5538665
2901480
7241463
3268438
5423596
1373035
6296304
5032861
8180704
1551547
9878459
1790735
8694645
1800841
6497147
1769206
4518974
8886897
8148369
8833153
3369488
3574723
1835029
7248138
9808603
7441216
9176476
7565012
6618617
6155317
2910062
3286335
7433743
8539988
3607840
3227513
9267866
4635754
5783114
3027016
1954518
1225504
7570394
8372214
2253261
7755007
6932513
2165560
5210076
1838300
3627437
9213995
2821800
8435830
9463909
6336454
2328694
6208174
4016392
1448764
2605506
5341994
7645539
6504076
1949787
3125367
3298157
4526558
6685012
8827117
3779136
8699167
9521509
4167296
9481657
9142715
8772125
8015266
3495220
7010424
8431385
1214390
2516264
2159242
7656984
2822081
5331848
3566079
9297770
9495380
6200477
8876137
6537884
5625245
1241494
9850452
2701009
3452949
1621237
3155667
4082491
4364562
4778186
9130693
2113611
7299002
1575974
3508105
9195085
7128885
4261590
9383985
8146963
1943548
3109114
1194896
9151347
5695497
3674475
6747647
6645636
8180959
2442331
1769273
6508317
9595505
3522706
6696998
5562670
7691385
9205974
9021365
8116347
5389584
3721408
6466863
9516584
4067646
7560764
6226597
2264913
5669684
7849724
3142372
4839458
5118880
8891163
1349967
7209012
3624516
9915808
1385480
8514398
8724378
3440251
9909506
3194904
2414124
4760967
8767800
4205432
6866362
2748433
5163763
9149989
7573723
6906120
7022076
2416539
8988666
4956568
3042297
3108317
3582212
2665427
8750661
3133154
3601080
3664977
9794688
3778255
6912906
5925870
9184730
9614867
6573555
7139604
8926336
3599703
8161937
9584211
6437399
9430484
9435739
3556426
5828882
2782780
1986285
8286271
1689120
7625194
7188039
7172394
1916259
7434346
6045962
9201120
7297750
9976939
9993470
5229610
1814145
3413251
8643358
9963461
3485181
1736626
8634064
9503976
8365893
3918143
8355889
9919891
5299712
9953347
6132589
1569497
6064544
6631927
8045660
1269524
5210265
9038315
5829256
1237250
4849919
2152029
9923773
4232354
2585202
9255084
8945791
1190658
4880823
8684458
9763225
1240887
8103537
2987309
7208813
5255075
1302053
3825404
3459223
5312991
9277412
8164868
2694612
1717526
1343622
5216135
3554758
1616977
7159089
5365222
7199727
5642447
5697570
8596891
6591358
3884019
2072811
1706367
4000441
5450451
7168041
5650687
7274046
8719909
4019629
6895423
2866517
8166080
2012964
7674617
1217812
5922711
9122113
6091970
8029388
7123846
4105421
3166153
1805890
2766643
3078230
5244447
9608664
8536151
5274943
9780801
5521086
3058192
2451574
8573033
9263657
1672455
6513411
3311033
3765641
7746808
4426553
7782218
1549529
7128775
8553823
3411092
5151523
4309792
1439991
6938892
7351039
6829719
7640008
9786212
9186320
2074310
4704265
3343666
6849324
6899583
9410376
7028743
8392594
2646611
1224054
4339866
3675323
5916031
8524707
3941662
8331304
5079356
7475806
3107185
9898689
3972688
1755831
9747309
9607526
1516976
8255111
7014554
4569633
4397171
9624614
4216722
7100748
6786320
7619509
7005270
2520421
8447855
4771785
9816861
1529641
1318240
7357803
6797345
7195856
8438715
4622214
2637942
6365247
4511651
6346201
3993009
2228200
2925474
7040126
7976801
1712807
5009748
4071050
6000770
1771922
5163507
7713185
5723290
2330162
3918021
7419548
3502344
6056672
6222112
7720345
4701013
3660205
1856331
8813839
8893555
7982577
5295949
1192292
6976263
6552405
5548820
9536615
4522438
2793061
9573222
2401836
1616912
7000341
3521195
9680427
9043224
6317893
9543456
6056741
3267316
9523794
7432130
1170355
7347451
1348432
6388292
7738514
2841494
8357611
8399268
9344512
3122191
4084191
9229919
2276107
4691303
3054780
2926089
4060580
6653084
4323381
9577121
5603116
4403404
1119021
5216870
8260928
6784979
2289140
9484897
7428754
2109381
9845064
2825741
4071873
4785713
6989481
5193274
6247559
7101464
8527379
4361539
2770316
9467395
1661768
3386237
6596169
7432384
2749391
8848625
3954997
2159747
3602730
9680081
9953536
6299897
1409581
8397021
8769187
7516814
3866572
3096483
6890155
1311867
7976161
8428509
6387917
6988219
2035682
9560012
3635859
9801679
7225169
3168033
2095516
2769360
3866661
6643723
4716601
5690560
6202981
6926039
2026827
3534822
8589476
4870829
5996043
7071861
6851984
8079466
6777311
2664845
5996741
4732395
9043345
5329426
2486652
4383383
9265410
9184616
1379324
3077033
7819617
1560004
8051104
7895657
3172704
9935627
4743047
8404958
5774518
8735060
2248026
9469827
4864013
7925746
2410160
7842245
3172971
6714013
2822812
1490055
3595871
7450341
7079063
8131988
8125011
6996049
7360774
3474900
6144893
6263888
7574103
3558759
9684363
9429047
8666236
9026607
3226737
6567999
4414315
1537769
8666772
3450310
6750053
5984088
9240700
2959907
5888709
2510071
1962850
3366128
3119260
8775095
4420187
6154756
7037503
5853202
4617532
6431528
1701326
4384049
7997788
6442038
4591066
5123533
5839109
8839257
1290124
5647941
7475870
5662917
2435494
3712219
3834963
9777461
1986386
2079763
6952712
6490135
8692597
7949638
5677240
8889292
2584210
3150969
4433794
9875278
6772888
6296588
4525010
1915320
3443967
1792333
2694904
5727591
5628898
9674189
3515907
7087058
9088711
6282823
6760698
1965254
4786545
5457213
2903593
4006737
9595454
9917044
8380014
8004532
7572127
3207034
2442644
8304798
1787795
4540715
9880317
8705963
1573698
6605715
9310643
9652399
1654564
7492770
7837023
4083706
1336635
6155556
1812583
6408314
3092505
5288044
7160785
6638362
8643768
4108235
2379199
9326050
4025047
7502110
7122692
3126094
5763588
7514212
5952617
9467612
1648868
2678675
8728587
6726713
9311426
9839049
4958442
9709297
3685243
8160865
9554234
7937050
4278712
9146249
8153049
9033117
1350500
6660408
1323720
1380505
7499574
8438522
6039183
2423816
9226216
7190476
3837557
2153502
2735873
7565889
1884927
2676000
5464086
4463110
2839376
4890661
1991071
9918722
3901416
2494929
2030388
2986919
3807855
7418564
9104685
1943199
2420481
3574674
3558852
5208227
5274780
8286812
2813793
8487744
7306928
2254006
8127165
5927411
5333824
3096712
7567119
6872203
6136105
7454506
3492571
1186628
3938923
7803631
2298831
5017949
1830474
7003846
4477246
6445010
3246391
7929183
2312986
5587056
1537322
3752717
4051515
5462574
1236447
3879060
6021854
7569779
5675144
5501069
6861689
4351208
4258904
7124363
5505755
3261948
8134101
9483576
4867245
3180201
1181432
4427303
3241348
6772022
4439281
1751444
1659843
6319292
6154687
7774726
8458836
4540042
9066732
4649093
3572414
6924148
3578691
4419606
8306198
2853161
5366980
2979157
8254027
2704637
1409378
5007204
3975648
3072226
6910052
3730583
5524752
4223635
3101782
1514336
2185394
5316626
1155597
8636415
3170921
8098723
2695736
3056735
7069731
7745871
1202058
8105221
2785647
9264316
1514881
7206732
9400641
9942405
3146002
5044851
9319162
1981922
9027081
7154797
1762940
8240486
3857078
6592097
8267191
5868667
4975652
8967094
8273176
7632663
3453200
5328601
3079956
4919481
1221131
8933968
9401007
5782030
7734797
7144368
1280446
6562909
7123611
2935314
6507353
2609432
7673458
5394006
6825456
7668406
8746713
7214783
3883986
9528350
7043028
8639317
6134594
6716562
5984357
1303940
3042704
8577379
1931877
7595776
4155756
9982690
7310026
4119103
9589925
8493748
5731418
5046791
7446837
5199752
1549916
5173073
9813459
3890265
8559965
5489449
1791387
3654850
7501043
4974816
3694233
3091978
7145510
9961294
9713277
5649473
4195398
4222524
7165545
2877931
3746206
6226040
7542630
1222193
4797118
8198704
2797851
5178128
5826153
8780262
7288796
3853529
9291873
6431723
5278843
4687301
1933725
3054962
4522273
3364272
8754780
5846544
5755430
4932898
9072139
4575260
6829198
6162540
4090477
4307700
5568752
7216029
2238557
5074816
3128088
4198523
7894256
3830587
4167513
6615331
2632976
9471952
6114050
4495240
5747936
4746853
7160048
2175145
3556725
9065053
9526017
7589812
9007432
8266370
7089787
2011013
8408526
6436894
5583779
2734866
5899924
5504151
3826022
9305654
5991358
7919203
7919294
4454825
3652240
4158373
6080118
4640433
2315313
2310654
3512553
2665445
2649530
3432647
5187134
7061589
5472656
3429847
6325331
6820598
5739459
5188132
3222664
7466666
5257267
2974845
4169974
1863952
6962091
2492243
5412002
2753073
6155630
5648547
5697020
9160102
1620199
4132551
1111163
3066119
4175785
4801395
3057686
8029225
4943349
5316731
7679171
5013028
2238054
1976848
9925413
4303060
3726216
5678064
5267418
1512169
9090176
2704270
3783868
4450201
2985618
3283740
1211704
5467553
7398634
5117465
2469439
6655360
3234474
6077827
4423477
4086095
8574971
8496184
2445291
7279600
1347168
8810847
1932362
4509067
5364067
2346755
5173003
2487654
7417273
4678393
8740721
2423949
7641065
6367328
6605488
7679344
3656326
7061451
8089977
1720206
5431095
8183728
2673907
5964770
3137045
9347242
4821283
9439966
8085264
5795561
3152195
7885441
9837769
4656535
5162439
4982499
2719676
5390033
7560462
7878509
4388209
4667506
9926434
5334629
4434472
5550659
3845028
2829634
5058359
2519661
9413930
4705611
9087405
5989664
1125956
5066537
9044187
5247813
9528897
1449754
5083707
3678159
6309240
5322793
1155706
7734448
3519909
7642442
7256225
9789196
2800505
5039399
7089617
7446936
4747309
2382514
2547252
3700481
3395557
6305140
7849000
3501242
4073444
6549897
1401448
8025837
1770217
9953978
7558691
5346334
3135957
9599870
2417139
3263002
6745666
8269739
9246524
1233396
4201870
2569938
7540208
2672441
6104569
9400301
5187031
3589313
1274393
1163137
2920346
2026821
3331347
8602395
8682229
5694196
7780002
8692351
8239684
4113152
5225546
3228277
5863255
9323567
9003964
8404608
9849394
6325562
8151141
8780138
7455541
3857856
5698423
6199974
3953011
4156608
7539461
3272175
4521377
2719567
5596140
4118030
2919501
3798507
1846123
9713491
6641204
4573311
9202069
4039890
8807772
7325571
6659307
1793526
9153685
3642307
4009818
1988666
7550840
5793876
1367987
1487293
8224616
2468714
8694312
9947114
7210426
2948986
1190217
4759664
1527497
1730902
5102769
5298800
4781882
3373263
1456472
3033311
7143780
7842273
5528775
3795558
3828307
1473840
3007731
4272246
9242907
9292983
7668304
3398399
1623469
7881117
7470679
1829720
2616431
8573305
5981159
3037336
2693679
7640967
2776384
9907655
7291547
4260505
8786926
1565501
1541784
1543652
1559548
2622576
4590198
4202559
8842602
7293194
6255434
2045813
3962367
1455905
5816999
2805925
7461483
6311584
3650345
7889100
7912014
5121596
8641926
3958981
8089834
9061447
4090568
7100382
7315091
5078715
4883207
4564844
9877315
4576895
7176444
2833099
4708511
8317712
4645310
5336571
3647188
6311204
7097095
6689957
3726041
7261535
7066034
5271687
7302377
3530527
9590996
5992094
3330150
1116529
2714722
6707251
6006141
9053561
5213937
7913879
2723647
3676587
9097634
7309406
1826884
1365663
1608005
5132386
4548274
3756954
1509800
9237193
7346033
4867952
3682548
2609441
3909084
6318483
6839164
1503390
2079698
7170500
1402958
6037710
4678863
2361102
4430367
9293856
8503639
8875757
3519970
2993832
6361161
4048324
5368389
3122635
4089601
2212836
6387982
4808399
3749697
3127012
1592232
4858497
1515930
6766286
5768739
1249429
6944225
7954594
2339146
1684609
6914666
1820309
8134282
8373374
9568525
2706162
8761793
3151676
2435855
3655429
8078006
6505003
9483368
8443604
8210525
5970598
5946022
7664097
4074372
3838717
1866872
6394735
8072695
4650593
9964318
9783287
5358592
8185560
8066510
9473781
1189385
6413836
7660928
4230712
5385818
4554996
2780142
6498290
8442313
5359190
9687267
1705074
9742617
3931071
6478174
4353618
6634771
6603345
5990233
7759309
5972798
4226513
5191846
8061344
9465359
9183937
1780218
2244238
2925711
5783969
1221440
6796353
4605622
6872933
5067463
1788123
5482707
8058303
3931724
8016480
9302837
4155335
4931857
7864957
8411086
9640956
8280947
9038271
6777412
6261551
5490607
6526204
3225892
7283610
3926366
2362024
2911411
7756848
5138891
9105542
5712583
9595874
1438323
6250000
2631379
3952095
3436853
1897772
7421473
1401864
1838733
5226650
1806330
9239097
1464872
1181846
1658476
4860187
9058842
3866672
1289197
7175087
7502374
7515668
3073889
3197313
9657499
4146137
3802154
6412323
4667607
1622365
3094520
4687924
5636795
3279910
7538422
7894377
5725418
2816474
9235309
5752939
4822455
7024485
9744562
4347882
5363025
3956381
8024694
5143899
3893471
9595488
5564636
2037282
5634740
3549274
1634263
5624997
6097899
2165841
1694468
6096629
5794008
3955828
3660150
2631228
5307655
4829064
1895123
9748447
5414472
2270692
9902992
6039384
1719574
8108873
4484225
7572455
1114494
7994682
9054830
2140631
7505592
6293331
3732099
3056683
1940736
6952357
1215780
4654565
4988753
6418587
9241816
4145706
6664029
2274611
7938674
4583682
5523631
1816846
3207527
6262200
2410995
8237387
6439934
3984530
3733388
8616888
3665073
9937162
7013056
9876112
5209233
5199399
3084669
4238476
8121685
7548969
9862869
4874912
8796630
8490635
2837474
6782573
7148689
1699410
7627801
6707730
6832840
2248417
4605864
8974162
5852320
2195021
2228854
5904088
9028057
3057740
8584401
5386674
7050025
2781192
9803184
3641232
8335702
1881220
5528414
8255629
1841164
2282615
5974172
6486290
9246178
2208405
6598676
6220051
3588870
2268739
5712582
4307053
7813337
9636494
3529560
6126238
6432576
9483279
7056285
2084111
9452896
3087680
4951553
7504437
3383345
1556837
3425640
9725226
1475295
1437175
1872324
5578688
5610311
3385544
7746108
1587046
3098618
9335488
6846741
6486558
7460104
2001420
9579761
1345979
2606555
5246883
8507772
7668795
2534751
5645004
6691050
6925284
3586345
4079063
6629923
9913006
4362040
3061066
1854635
9772450
8479548
3399621
8907124
4265529
2651279
1233383
2982013
1541526
1245549
1255779
4655529
2339042
6631284
9673406
5571868
7697502
9869780
7285702
3412415
9122072
3964159
5457804
9211332
7813533
8295658
7679372
6835506
1642586
7682717
8698304
1728335
6269988
7310621
1791341
1363810
5750971
6460277
3945167
7226414
5061092
5903866
2076289
3797718
4098861
5323219
4896114
8732896
4645506
4335476
9930696
5468654
3179707
7829215
4969101
9928064
3043280
3590422
3004601
2554529
5097953
8953808
8172436
5306158
5948702
3283474
6080626
7443784
8416383
2166938
3974967
3943320
8312917
5894516
8446816
2011750
8021749
1616779
6074958
7835314
8642223
1297673
1991343
9092256
4011546
7831946
6812136
4552141
2805516
4172477
7454913
5876131
2414378
5465989
2361808
5259451
8051261
2104136
9064839
5468057
9717795
4033572
8590258
8822851
7210513
7082383
1721416
2480162
8020247
5223158
3113152
6388687
5699851
9897363
4461170
2454695
1601565
3607120
4270636
7612976
8749203
4796113
6170476
1112708
3688248
8976354
5348621
6386950
4275772
6332869
8634664
5918692
5462863
9597466
2394155
2771523
7190162
7289952
2757485
8952620
2819776
2220889
1175320
8934636
5758421
1291716
8578305
9616300
9318800
3983441
9514996
1921129
1328158
5935559
8492842
4251360
2694697
8126983
9863762
3860294
9603887
8390260
7520870
1831982
6358841
6457400
5196278
4647012
8480363
8829604
1253895
3881065
9397605
6572442
2774359
7049889
7659702
6092306
1500799
5022178
7995856
8560163
8134284
9909113
3879467
4796990
9260130
8963523
9269833
8020023
3673121
7295876
8724746
5923559
3011511
1626691
2347487
3963394
5342912
1219939
9865862
3550668
4564044
7716305
2903027
2396426
4191960
1201104
1312203
1595089
4660742
5373316
2252541
1196363
3590861
1788983
9053663
9819049
9664865
2239809
4538621
8466192
6639602
6357226
9134639
3918550
1237447
7550765
2072358
2810413
8616565
7887579
9127962
2685824
2397491
2904817
1873840
2165342
6317694
5652223
8817277
4955014
5325117
1874290
8295932
9014777
8794307
2156490
1800387
9041820
2650323
8887381
5238947
6983324
9626521
6962727
4618739
6242425
9868445
8381945
6007010
9413942
5674921
7371370
6474106
9987302
1889056
5017880
2559565
8343260
3129317
8161616
2076931
9092390
3115528
9409140
8545596
5157575
4738035
2515523
6796403
6869319
4221006
7142144
5565094
8049325
6095211
3188120
7613629
4140111
2814279
4370403
1940015
1806071
2957051
5960347
6449815
1313893
1960559
3684347
8939314
6213182
3932329
7912951
9968911
5379095
9587707
1425002
5532861
6420160
7234263
5764102
8400447
7585961
2554179
4026683
8055574
6653054
1561595
2989629
1645281
5289962
6952802
3543650
4194334
6787799
1317336
8199217
2887088
6604691
8441218
5845235
1151382
3293330
6442024
4432293
3656747
9941176
2521375
3898368
7761229
6646245
6468226
9444377
4291874
2169909
1374615
9270233
1821390
4602209
9043249
4367663
9263537
9406378
6882645
8499870
3052240
2429368
1459581
9435680
8354763
5256331
2144902
8661403
4663656
8809455
9839237
6803593
2850577
4418663
6352640
4152131
8317169
1286361
2202457
8898112
6482066
9734656
4795480
6772392
5832302
2663897
7236877
2206586
6159912
2840165
1480167
8076283
7363381
9609201
9779919
5061586
1869495
3504611
9436266
9030477
4739370
3203250
1173125
9813610
7751885
6241503
2881256
4082887
8168561
9781649
4237550
3910607
2489401
4798339
6782560
5623034
3849373
1249257
5633005
9958556
7367776
1715852
7180518
1670969
5579944
9336677
9519346
7807821
3091975
5518475
4817127
8688356
6212058
7177622
1233574
2312596
4671211
2595879
8667287
5626000
5178242
7326434
6513359
7983738
5201078
6506997
1314696
5552710
6374961
6846877
2247299
8531343
3843573
8700044
2744958
3249847
2335291
6208211
5376749
1901691
3982082
7762109
7985032
3999920
4814166
2728328
9957332
8527923
9173527
3490917
7625196
4371859
7222698
3149661
6252341
3732831
8477292
2411113
2750224
8973932
2840554
4680453
9637077
2341311
7029318
3107057
1587143
9548043
3029866
9116896
9432554
7577473
3716876
1726809
4934354
2729306
6241516
7273798
5048405
1755255
2945705
2642698
6483044
1960599
3147077
1438041
3168119
5550543
7245043
1433762
2785054
9962314
6880132
3641344
1460957
9152129
3742432
9631443
9542234
9464654
4346979
9209774
8754622
8877916
9641547
5450763
8505048
9652620
4040558
3527727
9468948
8775458
4648883
1654329
9004719
5774107
1119592
4646535
3499238
4499969
6365525
7273455
6464141
2753820
6879231
5016436
6401009
5816698
8944390
3720072
2414478
6850181
4265905
7961676
9595951
4346047
2146761
7944383
8961169
8358854
4879284
3272241
6739054
6346957
8035575
9078968
7156127
7117013
7289963
9271393
7934268
5042568
3822200
8939333
8774333
3998975
7694924
5717247
3954441
6226399
7965804
9225426
6581209
5116019
8970167
3546876
4371927
7426691
8880154
4450155
5069090
7577615
1355536
9603692
6075769
9062536
8399456
6354631
4573149
7255144
5305448
4771296
5183936
4082949
8138287
9855317
9651103
6017794
1135508
2711761
7429848
2058671
8837241
1481819
6166792
6869553
1683744
9578555
9508149
1649262
7465173
8961855
4472398
8767349
4803753
4127624
1390028
2403631
3785256
2417535
5914186
1835328
6230780
5771838
8433238
3767972
1622021
4366988
9487004
6076282
7038215
5350785
2871254
9109193
2056540
9164341
1830390
1582813
4550718
3757960
5375568
6980855
4616937
1357706
1552666
4656889
5880055
3831456
3593794
4129501
1317568
4077372
2764966
9773001
6877927
6906202
8501487
9056129
4846021
4085199
6181937
4019688
1355949
1356188
1830301
5485124
4858088
9378089
2576174
5162888
2505331
6910530
7510262
2552683
3355987
7906228
7890080
6523907
1643560
3493557
4570515
2175437
9595586
4655125
3227182
2232153
6483964
2852896
2489357
2545997
2784053
4320615
3480796
3806285
5278483
5685919
9018331
1328204
2137593
9138051
9586473
3894093
2695164
8100029
6338875
8177764
5843458
1364080
8693352
3140445
3895026
3651096
9988423
8853759
6528125
1148433
7239568
1764124
9426452
4980646
1451868
5992708
5420883
3120064
3523000
4080515
3472780
8911126
1905141
8878944
8484367
8363701
4209900
5011174
5026370
4594511
6371759
2043285
2385946
7959713
8156190
4908852
6446889
6952754
9664735
1464222
5461799
7558361
7887963
3269303
3274992
5550014
8820139
3929904
3280763
1568291
8594498
8241251
5868155
5134480
8879760
6055608
8255229
9220923
3891497
8127851
5982250
3754800
8542484
7142413
9566229
5964132
2682844
5521844
1845299
7125122
3248024
9790124
8963624
6198270
7835140
3993260
2454501
1812551
4268382
6402945
9026016
8115695
5579526
5827539
7820153
7189515
4949501
1755987
5071400
7530068
9540182
6513466
3762009
9271746
8318273
2321042
5094363
8898145
8651410
2851374
4899204
1493388
4708331
9361813
6670876
5077352
4735233
5602991
3448020
6513235
8678175
3240907
3527023
2037495
2983452
5022078
7748662
1844518
5029597
8166182
6001917
7943413
4124883
7314297
6034737
5395780
2575729
9300901
6065907
7891430
6098416
5010593
6873171
2348333
3804586
6169841
2580919
5264271
3328983
6948989
9409902
1737259
4022579
1710186
3933429
6055275
5639830
3474135
3634759
3260516
5854779
9339405
2381531
9313733
8094919
2064376
2705177
2811920
1189445
2331131
9961987
1670834
7829321
9444456
4527774
8032721
6521281
4025610
9847804
9327358
7768526
3336147
2140706
5653921
6782477
7153937
7626521
2530594
3399030
5900473
5844850
1563275
6824012
8607073
6297585
4821595
7211220
8018952
4469416
7295714
7680509
3595375
1813975
5644852
6793647
8429388
5518511
7338637
9400966
7027265
7045794
4498804
9332407
3120964
2596561
5584802
6668125
9007593
7746988
8510209
8026825
8655267
9956637
5292179
9505432
1443656
7325149
7529741
1582270
9754638
5244630
2816959
7440508
5707855
8140366
6782582
5832640
8591672
7375805
4360822
4143787
2313615
2150630
7253904
8942819
3850678
6054464
4294231
6875805
6966789
1681526
8163987
2612514
4506213
3366408
9983210
4463643
3679067
3011863
2182768
4132072
5298170
8252514
9951527
9886396
3284470
2945484
4807459
6218693
1481727
4450008
1243218
7624235
7685669
8832683
1116202
6202044
2664619
8447552
1544565
4752489
2348294
4900788
2023469
7839387
8617182
8065436
7994267
3340999
9102855
4162241
4154797
1511916
1765373
3856357
3553933
7774327
4241287
6358740
2836872
1119715
6151423
6965199
9803869
5149774
7168208
4305670
4233315
9498157
2803557
6934336
8501443
9079755
2096605
2041142
7904344
1194348
8223314
6529523
5434478
4842869
7310472
5017108
7755795
4586319
3184055
2709977
9242987
3058208
6152482
2098900
2420689
8523086
7793772
5936519
6000071
6505797
3230117
8863444
5965789
4774286
2864287
2826410
3961408
3177554
1135881
6157689
7568918
2612802
2721912
1924348
6907309
4758893
5871269
4097691
4087792
5090165
6451481
7994651
7979282
7069153
3343402
5789223
3768981
2092020
8903354
1123236
1202515
5958294
8337163
6911624
9647868
3067277
9219198
7141334
9381261
5025739
2530577
7827737
9211328
2662928
9147601
3925398
7540125
8728198
9863601
1646940
7385763
8335148
1876390
3833190
2528121
4222197
5003013
7853553
9246300
4401538
9497752
6465667
7056957
6104412
9796365
1557068
2938576
5458126
7595592
1974216
8148566
7922172
4935077
3398003
8333302
3955017
9099668
1888070
3440173
5877861
7752545
2938740
9102352
1216575
8671024
7033427
9687642
1525821
5123366
4441373
4319458
3264181
8826442
4939893
3185257
9344620
1162714
6488023
7062596
1914989
3957795
3535005
2234982
8135414
4977788
1530947
3262226
3885421
9038104
8791103
2355739
1327013
6627132
7820340
9762383
3800356
8864904
1399212
3526422
3924550
1595988
7350958
3395877
8244214
8348528
5604758
5417049
7967661
6878975
5884680
9518655
6389380
6538784
8092708
7158148
3172798
9093050
6033899
4469492
4888070
1536512
2179629
6370519
5853095
2386051
4959150
6700486
4716053
7546103
3303475
8943065
7456135
1779451
5653275
7139375
8547248
8435093
9894045
6113852
3820432
6101374
9852519
3809305
9634297
1630777
6137886
9376418
9411075
5001870
6388132
8558056
6826063
7045247
1896823
2344292
9391191
9681392
5681407
5285221
5894159
8691497
8781088
4055122
9723571
2070150
5507436
5724982
7196543
7370208
5060925
3614512
8534440
2361336
2733808
4227899
5746181
2889117
1875960
5482151
4177040
2835706
7979131
9037846
6309148
1323813
5635271
9605042
2743584
5387962
2732244
8778948
2763157
2527280
4830183
9456321
7203707
7815554
3937307
6081172
2144216
1380013
6260665
8866106
9515943
2755013
2944857
3743495
3418053
6221261
4434991
4818684
7772752
5125755
4455937
4806559
9807136
9087610
8704856
4089790
6037949
5661108
5731149
2801431
2769382
8646134
5896915
8540454
7606845
6815743
9141567
1404762
3146529
5571742
6576151
6670349
3375467
2026338
6597452
5340489
5384307
4253560
3167502
3655432
9186787
8330477
9053772
6480757
2794485
7350491
5486604
1980089
6710019
6619876
7228231
5559083
6787932
1192172
3727047
6945535
5275903
5060837
6330892
4921417
1895763
8896610
1157525
9743754
8064162
9429599
3544399
5550698
4062334
5099638
6238884
4623201
9848091
3026009
9512570
3771244
4635514
8291721
4084683
6963344
7471948
2388122
5624397
9309107
2398097
6523878
9402208
7659639
4348251
2268795
6108698
9158899
6066896
8882002
1452228
4745577
1316606
1958779
7155831
7846168
3689220
3484836
4269570
1189739
7230599
6899057
1200398
4473407
1419280
5284482
8811796
7791654
8903633
5101768
2198676
7393727
9194469
2816923
2331469
7508328
6169929
4696258
7475420
6299465
2410535
3781532
6339666
7747951
7600124
4510181
5260489
1546743
5134372
7283413
5836506
9731334
6442231
5972369
1489954
3598585
1984531
2329410
2935040
5281447
5457916
3219762
6891369
8333199
8519915
9440561
5379681
3458373
7409684
2156243
3360366
9843937
3479819
4818386
8782261
4319219
3271390
9728371
7533842
1626514
5109663
2799478
8353877
9461033
3092017
4634964
9752127
5933633
1558789
8315676
9384974
6964419
6973111
6984153
5094888
6153455
8186412
3027642
3936874
1243743
3975208
5063081
9842652
1299891
6357266
9148571
6198243
9902773
1586718
7152698
8632733
6028284
8633449
4234447
8267833
4767901
2300733
6173539
2036026
7639379
7089740
2385976
6909187
4499058
8968172
9061692
1127370
3788728
6346584
3082457
1121875
5725666
8781831
6006716
5277330
3189849
4832375
1719829
5612364
4906401
1685576
9660522
3238929
8920014
1273155
1541195
9853054
3431241
5615154
2561125
8068604
6496905
7995003
2957279
2136084
3667248
4122556
6472619
4702976
7302095
7681251
6260363
7017464
6350372
6019835
7347237
7534537
6137449
8804730
9012464
6604289
4848348
7730147
5805612
1422385
8793367
3482103
9204599
2962205
2049944
2272317
9663119
5805453
5145903
7093831
5840257
1728272
7086703
1449344
3163537
5716630
6092122
7690735
4538486
9694992
2755165
7707724
6494244
2141584
7333748
3022145
2326538
3036462
9572046
9637600
4519935
9271418
1952842
9358827
2275396
6388976
1539116
2162770
9317899
2816821
9678737
4778050
8748184
2843003
6465838
2488014
1763543
9773170
5863426
6276559
7535416
9955757
8455156
6974039
7958123
7758684
9686863
3871317
8625532
9167601
9420130
3419814
8216814
9392577
7762660
2812521
2741721
5078524
5361765
5670514
1542918
1612367
6412061
8856311
4217167
2614826
4960450
1141370
4452148
9080097
7396645
1253957
7487660
7937939
3852815
4722120
6769713
5545575
5766733
9554548
9334173
8776033
8004507
2457345
2713642
9139891
4311701
8600184
8153708
2299739
5480992
5285248
3359401
1842001
7360924
3927667
6165106
1227115
4666378
2335170
7777607
6133929
1420804
1795097
7751218
5471324
4692185
8194949
4547343
8431208
5406535
1557432
2772782
9150746
9964430
7190285
4724517
8456146
2918977
5545142
7601660
5344107
8028811
7368280
2072207
9450791
2434493
5991164
2637518
5522636
4139447
1420963
3960571
5987871
7329052
5204344
8163386
5375297
7207756
8198971
2685794
4804557
5196874
9021190
5397474
6336280
7560527
9491607
7055188
9626836
5925103
4653056
5769999
9412909
1685023
8315615
7711315
2804824
3845295
7780074
5331109
6554115
8810954
2587528
8839124
5440915
4027334
7190126
7181965
3596812
6877602
3774041
8766704
8991830
2741198
4112503
5649259
3420029
6334683
5650650
6032566
3551107
9683204
3660098
7789714
2482134
8639568
6333483
7557506
4614056
3785092
1466536
3129925
3725911
7212350
6331647
9969685
3940704
6171922
9778641
7923735
8774823
6613123
9590957
2619712
7809024
4115204
7813299
6106256
6255504
7426800
5405174
3763061
2702706
9948353
2450776
4913633
1654707
3511507
5548010
8213979
6549690
7865396
2568217
9782616
6117088
3595824
6703023
5397247
9165787
9045880
7917054
7866571
7311337
6243004
8355196
6301966
4061715
8005352
5376672
2019714
4213626
2195401
9863794
3694434
3579064
8699006
2974191
2010622
9076024
5606281
5944564
8153578
9528626
2239320
2896915
3401778
8813004
9580020
4905423
8883056
5461085
9394687
7223476
3159714
2539681
5518414
3739987
8146389
8742445
9503088
6471787
5855005
4345576
8614941
5954609
4834308
6104759
2694057
2506699
8955717
7700917
5646587
5423180
4007735
2143514
1466664
8195163
8301660
2040899
8493858
5286098
9959522
7547066
3237798
5030251
4976244
1144590
2445520
8191043
9529289
1474736
8883125
2637302
4019891
4641497
9770721
3142684
4391666
9358330
3818266
8286740
9956985
6456143
5206800
9475472
6816403
6601485
6773628
7623569
8064449
9272093
5606377
9350851
7663855
5458206
2409824
6651102
5937288
5018130
7033152
9370890
5140155
4477755
2566338
6025358
6239887
3064556
3307975
9948666
3056142
4097514
6545527
8956270
2354634
7155085
9500766
6161448
9202249
5724365
3769469
8108072
1660801
8969338
9325997
2877083
3906517
8073480
5063446
8578806
4006490
7236354
7285979
5046823
5652295
8536472
2226604
5995708
6010671
1864025
7560397
9648719
4494966
7299749
6858891
3875059
9554719
7638937
2460697
5409431
5312838
3210533
6270405
6965283
4278065
6623632
8965837
8436581
3169269
1435690
5867337
6662112
5920950
8125865
1370839
7853435
1146880
5330406
6167522
5128364
5958734
6129325
6057761
8545883
9868207
7058488
9583815
4249026
7349557
8691070
3481774
4606809
9189980
3565957
1875631
3292535
8076367
7706363
5677126
1395589
2041245
9036116
7986090
8585341
8979889
4498713
5762694
5764746
7007082
6156484
8320227
6032371
7776059
2467902
5972613
8273005
4187669
4896609
6617312
1939370
3359089
9626784
6486285
9951410
3383318
4452995
6408062
7458361
7744135
6792464
9454361
3339378
3157316
8352177
7565099
1496550
4778885
7189877
4508704
8265025
7408154
2027302
5673927
9584144
6370979
3683094
5451430
6421519
1307300
2588139
5575791
9671634
4652805
5209203
2250157
5626103
8251901
1292436
8007748
6269428
1775515
2388141
4344752
8903557
9698743
8176842
7278665
3553920
5753246
1957582
6621626
3678606
4826909
7011073
9158115
5662976
6150621
9523559
3942947
5491034
2521565
2878093
4191414
5636336
1291472
4764658
7106057
1319948
4935332
4253305
8903593
8601660
1470312
6647842
9501959
3532627
8369031
7945203
6179473
2807191
8985070
2596859
2606392
8518475
7921574
6517080
9241888
4637622
9232399
4608138
9409943
9432387
2631075
3673870
1909419
5229688
7495483
8622511
5615698
7633972
8352016
6498541
7632810
2647804
2905585
9885494
9682638
7285036
6571905
9000024
1541372
5574806
2682022
9686753
9548809
6986040
8688632
9588419
9811254
3619928
5109090
4649409
5472384
9390486
8431582
4276694
8655165
1141937
6070120
1326829
9870792
2587026
2412154
3865694
2909041
1383309
5792466
9808146
5370629
8970573
6359396
2722237
8751955
7068819
8472950
8117586
3170461
5047156
9014979
4568533
6122974
1367000
3742021
5889330
5762676
8331667
7020395
9436610
9375068
5128512
9041685
1530269
4492394
8734563
2925417
4995689
4440375
4188332
3822395
2581534
2167212
9598399
7548597
5206243
4966315
6987028
7557956
9291383
6523599
9090400
1659178
1982740
8716268
5798885
2517601
1990855
5928884
5241695
2918707
4807955
6475323
7757509
9260402
9090929
8061892
2658566
9001058
9323570
6602286
5825800
7452821
7371987
8427705
3979034
3259560
6070001
7976502
1277653
2972137
8370425
3306209
1432028
7253360
3066884
7898814
1938985
5885515
5420854
1916392
6418302
1616845
9431874
4092742
5142794
3332218
1125442
5195559
9857033
8113612
6617706
5266585
2907309
5468365
8114880
4769841
8908529
3959674
6489174
4456487
1518126
8337107
6713518
1614000
3397449
1386693
4936147
7696615
6852926
9589013
1791089
7822231
9489407
4970746
6579501
1408815
2705509
9888780
2902368
2819132
3755969
9206816
4438322
7532488
5561386
2200771
5012003
8239992
2153762
9155956
9057421
4986131
9113310
7277529
6183026
6666556
4586992
6721532
7738867
4112324
2226259
6774146
2123284
6443394
6778620
8765812
7250121
9367445
5832249
6412658
9691322
9167000
4856148
2634195
7060043
8067993
2348359
7743158
4198062
4365512
4713226
2555408
1296573
7784010
8997165
5980312
4039999
1320587
4129266
5935793
6817737
8462995
9327611
7248229
4043102
4720427
1691695
1611293
6129323
3678740
5020298
1832995
2720037
2311692
6522222
5685128
8416045
5593303
7162469
6082170
3344199
2835564
7906356
4432169
7098290
1309500
3882331
9067552
7708786
7742269
3436062
8052728
6417406
4635992
9249182
2619977
3442567
7165590
8735787
5340487
2638339
3336803
1396819
5033957
5703544
6928904
1308587
3521263
3101129
8138139
1471961
7624223
3085884
2691922
5641039
5261400
3498374
2557556
3657284
2283296
4639417
4361503
2986047
1350177
3463518
1584394
5609903
6786703
9806876
2635254
9033351
4212836
1803689
1244501
1471598
6700535
7321821
5114908
8836868
5252462
3187967
2476193
6027521
3571244
5393276
8277019
3973323
1725884
4409274
3999923
8443211
4625310
8264903
5220238
9720767
2873914
3982295
3135708
6307812
9624493
9642336
5335623
9137210
9745275
7869856
8597608
3038451
5563244
3289591
5184761
1846233
7306976
2592254
4616945
5676295
1615900
2433392
5874195
7965752
3380047
9337739
9461875
4437754
3138595
6865406
3279986
6748408
3530440
2617773
3268677
3324330
7771610
2064309
7034921
2587337
6344990
5039332
5596959
8091962
8241574
4055226
8379172
6501477
5666206
9665074
8947811
9707159
9907412
8080185
7062512
8794706
9348003
9884308
8451986
7114284
1496825
7413081
9551965
9880242
3876265
4942856
7101354
7137878
6365470
8260211
9611425
7993439
5782430
4940856
2291596
9702299
3622037
1459207
6843793
5531730
6843401
4652758
4610325
5750721
1663442
6134331
8768613
6429381
1202879
6794881
8458755
9734695
9397368
7984734
6143278
9971985
6805377
2770653
9355518
6309978
5157933
6631857
3924648
6414235
2077681
9192818
2657140
3981652
5060550
4132580
8357131
9261148
2374657
7388768
2003588
4627105
2298504
7586930
4117345
1776552
2500535
5927093
1182028
6090864
3215148
9836409
3440544
2810651
8694977
2804568
7073928
9116077
6942077
7767130
7655651
6963244
2124564
4274415
7798336
5195062
3230816
8208278
2458452
5243500
6409406
3275338
5275300
6288428
3035239
4877039
7977592
9878458
3898197
1545256
2816137
2675864
4282518
8956004
2520050
8018691
1723305
5480317
4807305
6547801
6998886
8183470
9815443
2098438
4523394
6391611
1359533
2441729
6207291
4992234
5204346
4104541
6149848
9502975
1188313
6373609
5695893
4311782
1713081
7823972
8680659
8761469
3216171
6060352
4256758
9044858
4857271
4255355
6034924
4033249
7274735
1850185
8887517
3721167
1275605
3612034
8186401
9057615
5768274
7429434
5212937
4135967
9104703
7982837
9210358
3529143
8763282
5492218
6658438
6091130
8801259
5343374
8007409
4255120
8822198
8914026
9732469
3445705
1503168
4161524
6163899
5964139
2791601
2320411
3259399
8327584
1623219
5202543
9018131
8293037
6711039
1147685
6844553
6225111
3836498
7367594
1995962
8264830
8345291
3867425
4870743
9502689
7342402
4500731
8420878
7097760
3650347
6652167
5485220
8986636
9161730
2748294
3634890
5018049
2372552
2474440
7267787
3819499
9739773
2622614
4523685
8583416
1744303
4573988
9251327
9142998
5688141
1510976
6165433
4449280
4321705
3890104
5617607
9665222
7008490
5597147
6662698
8463369
7973040
4339394
8569052
8681360
8734578
2273774
5077227
2620070
5703038
1874454
8481795
4313858
3063877
7648161
9057643
1625698
2586001
6236285
6053778
3237233
2410583
7988144
7019260
9459448
9135967
6969700
5014403
4306728
1267976
4155800
2589885
8576061
2151827
7994091
5469275
3131078
8255765
2914664
6081524
6157756
3445859
9760129
5411523
7372756
1368078
3498496
1638013
4183721
9303500
8028074
8048712
1863919
5649614
3010087
8407050
9010298
9187930
2298329
8040965
3838485
8078081
1441817
4958091
2206284
2280813
6696698
8047874
9534963
5204800
3432340
3091959
9190843
8367923
3016325
9161386
9172444
9866991
7362801
9849465
4662499
7191565
2286027
7961739
7016615
9480955
5742760
2253785
5685767
6677291
2690959
4413531
8333550
8212570
6074181
6387100
8986726
1903905
9720383
7785492
5166929
8437824
6489828
1387598
4395620
2597166
3051757
5418104
7073047
4978957
4160712
1423479
9204643
3997763
8096028
6554143
2339719
1570166
6738136
9206863
8346745
3207521
5289559
2560652
1946497
6846851
8639116
4435424
8371381
5993040
4710542
6847391
9442103
8053126
1269901
1832735
6921700
9866779
5018300
8112065
5984881
8324631
9780397
2238100
9268521
8431772
9318182
7985391
1770719
5223593
7794583
3887166
6275075
9443786
6528264
2131360
4244964
9642171
7766650
1312804
7348708
5350655
2947663
7534821
9065924
4106897
6662373
5282790
5893199
9615443
8613237
3823797
4285988
2116917
4348688
1333982
7946702
8045229
9945146
5326749
4528935
9282766
4637892
5999191
6171735
9888820
3838654
5029097
3634332
7918601
5227096
3878997
2214389
5849474
6076474
4933408
8215788
5368508
3869350
1944608
4041154
6781825
4161158
8691117
8363215
3404890
1257881
3482603
3546605
4907189
3251829
5990922
9591646
5825608
1743532
8167380
8287505
9493228
5931777
1728822
6237496
9086759
1487728
1264287
7084381
2185170
2885539
2172377
3972073
7928572
7946333
9386120
8090771
9142123
7276023
2733877
8053605
1906644
9473796
6317244
5097547
7556401
6633451
4533282
5078174
9096271
3331760
1708509
5511589
3646201
2620791
4213508
8687555
7155502
9912882
2015127
9102481
9694478
4812785
4192390
1637001
7695929
8497531
7609534
4687322
9847559
8299240
7006756
8034905
9305295
9115752
4799460
4916400
8604260
9856025
4307445
1602803
1545422
8878521
7948537
8155129
2960356
9769759
8681164
9043245
2295155
8119459
2836107
8182024
8459171
7759153
6669320
3376249
4288294
2685047
2822755
1440333
1782655
5604582
6086978
9127813
7601239
8386348
7727212
5616946
9093886
4709817
8095265
3675137
6049733
8293285
2138099
3386404
5071102
5462068
5391641
5965005
6288528
7899702
6409340
5263817
1331718
4505417
4046629
9497460
4065861
7817137
8659667
9185202
4053233
9691581
6687163
3935968
6811884
3707132
3465525
2408784
9771215
3248239
7395856
7109971
1836323
7749745
2212624
7402527
9416929
6026686
7743283
4260416
4215150
8357873
3790317
1399536
6569184
1277104
6651626
4065354
6225301
3455704
9606582
4353977
6945882
2913560
7483912
8265283
3365689
6597283
8255456
7248052
6673552
8314533
8044086
3559472
5076569
9828183
6985818
3311504
7973430
2317083
2587202
3694946
9653992
8545963
2953281
9643521
5263653
1376516
5009993
3176795
5564934
5562479
9011684
2964072
1684341
8382097
6547455
6051358
3396697
6766542
5874580
1225981
5745461
6712170
3503467
7474661
6155444
9151757
9423950
5202078
9128956
5754702
2087760
2358123
3353502
8120911
7463100
1541596
2924683
4733773
1844329
8134220
7580938
5486251
5430988
7140883
8010045
4082628
3472531
7167544
2717196
2608657
9523735
3008712
8595215
4092804
6627291
7525781
1569358
9270376
5607825
9639421
3790214
7530956
2161822
7189943
6595754
1439557
3851155
7096306
5996455
9793352
5468782
4599104
3084126
8820059
5732832
8487549
3682894
1240170
3674537
4623072
4190810
3859997
3900751
9915540
4572786
9863210
7183858
3127741
3129023
3456656
5571669
3774370
2455644
7720039
9485760
2436433
9134455
1957393
5471041
6163526
7700145
3890886
3228251
2267168
6345367
5023687
5799582
8954663
5283979
7681724
9575437
4007860
2283762
9095636
1862928
8654644
1209120
3110111
4818432
5296518
8288519
6463986
2176876
2940138
6680893
8992237
1919900
8466184
4976982
7336119
1782729
8781219
9078895
2589494
2955951
6806766
9025480
8961240
3710501
4952720
7046459
3603946
8485759
1114125
3586285
6223841
3271390
9829661
3626410
8405284
2841700
3629511
3332645
3553453
1622179
8777530
9094200
6915255
5734348
3706572
7906513
8256655
1255031
6165916
7640558
9004432
1695724
4154884
8990595
9891915
3155030
5785393
6016363
9887436
9357858
4643600
2060524
3587364
4227806
1798849
8762455
4478729
4340374
1782996
1619064
4908463
9422843
1645804
1707900
9215624
2433031
9852307
3375783
7443990
9697498
4515505
8061130
5661554
3019843
6169634
7941931
3499828
2295935
8171994
6216155
5925180
2213512
4698336
5275673
6182212
9645663
7449767
4048712
4234233
5812277
9395410
4066227
4134085
4758952
5635800
5377262
5251616
8735248
8647782
2383579
8013105
8717256
4045344
4450141
3070232
2805203
4392996
3589560
9536797
6463961
7457680
6004328
7594775
9991088
2959902
5110350
6439479
9152799
7385339
7253089
3249120
3792593
8914247
7197499
1340133
5806262
9738543
4810251
6416574
5517372
9637986
3136522
8683888
7955993
1211067
1365437
6875333
1824900
8228799
5505817
8347958
7478679
4298226
8564654
1423543
6345243
5558782
3353796
3441263
9398557
9686658
3213314
8037379
9358143
4080198
4637401
2198605
1500591
6863302
6153492
4034925
9915936
4077706
3259605
2278450
7516340
7505882
4119573
6568074
9132101
2454129
4654807
2477182
7823274
4696114
3853345
6395129
4194158
1940811
4284399
2962840
6452511
6343995
4750454
9879459
7962545
7164097
2920010
5316337
7071809
9900016
1852704
2270321
9337548
9570584
8278540
8115755
5046045
2253054
3759003
1128525
2863362
8874710
8826569
8663849
6404184
3181042
9874265
2305637
2310640
2765269
8013124
2856928
6197037
3495641
9976366
6828044
9584599
9018785
2471580
2242308
6962125
9259206
8223644
3221723
7406984
2820929
6792013
2198393
5388642
5557669
9413139
3113092
6833447
4901085
4428438
2597202
3643862
8268813
2537555
3922197
7429008
2372613
6666342
4541281
5518262
9877265
5399236
5215830
5343625
6596569
2945280
6992520
1588229
1663421
1570857
2960768
1572105
9930185
3336467
3965421
2368974
8388301
5095940
4787152
2539452
5415276
6790712
1412277
5554343
3405342
2915990
4649349
3711205
9846742
4633011
1917413
6302436
6945356
3749666
1596799
6069435
1147924
8164293
4934433
6313278
9606460
7542228
7210114
3427818
9201979
1395373
4884550
3883517
2170554
7373202
5254125
3620550
8026427
1231076
5059851
5248029
9991229
7216189
4981024
4450753
2745671
2011863
4063964
7729232
6148038
1474021
9939239
1430408
3753320
7199939
4396387
8334218
6919255
9127903
5702176
4387479
2753912
6015712
2335747
5211825
5125028
3910509
9914400
5580802
6207801
3483454
3530189
5279223
1717173
2128999
7329101
5533744
4920584
4698215
7790948
6320741
2942735
5676317
1227620
2518659
9670712
7746190
3290227
7408490
1701700
5798654
8941100
2927248
7942667
3692015
5828006
6075834
4492023
5441550
3699611
9117448
4186524
1704656
1806176
5491176
4623603
3926570
4738733
3054948
9635309
4043269
6748100
8390825
5354716
1350914
4749342
5268849
9417303
3664438
5333476
7369110
3370255
2581089
3966959
1230197
3145086
3670623
7027108
7603503
5116711
2827099
7353926
3235526
2702679
1904650
1276744
9421994
8876019
9968890
1143102
9998495
1388618
9442111
9751939
2581817
2708970
2965160
4660339
8758688
2081240
6600515
9169436
6991433
1593181
9882798
6796507
6992385
7565024
9675221
2983854
7030365
5682951
8099080
3160309
9097447
6041709
9068115
5224594
9449665
1852585
2538091
4581633
4671098
5525521
8120164
4046672
7435570
8839401
3545418
1654089
2867370
8443219
7279091
1656627
5427816
2108066
6067162
2121947
3686540
1326406
8615631
9707544
9299632
5664125
3476207
3605472
9311935
2874308
5603742
2792165
5449377
5849204
9424119
2588752
5722962
5463525
6896307
6099288
3935478
9274597
2376202
7442892
3338982
1431547
3449043
9443035
2835363
6027117
4145136
9926434
6580124
8818099
8924984
9433026
2536406
4807220
1979209
5887228
8441143
1547135
5757718
6186087
9193785
2148723
5034957
6839737
1799545
2947284
9378864
1160562
2048611
9201774
5011538
9402520
9911781
4954441
3981016
3936986
2184828
5614755
8740270
9878474
7331762
7771952
3508339
4534675
8143242
2656631
2122160
6421555
2529506
5427237
4110727
3551347
3156697
9666673
7437871
1940855
6629529
2892708
9338494
8028607
8319739
8545823
6274267
1652846
4677881
9083519
6964050
7171812
3821160
8285037
7745750
3818518
9703873
9780803
9868752
3283005
6891414
2941346
8990820
6419673
8437894
4526198
8805005
8939140
8321675
1275781
8523130
9447185
2124860
1263587
3040531
1343051
4327569
6320341
9485819
1538049
6998332
1768166
2790287
5322571
6832814
2555697
2959295
2719094
8988255
5506105
8499087
3623564
3119516
6085757
1845440
2820811
5458341
8138617
7949965
9909766
5527960
1304067
8847072
5712966
5903324
1417133
2684724
3214813
4012704
6356233
3760168
9099551
3424180
4934368
3971404
1416544
6958724
8311596
3900088
8972455
3466488
1568255
5406339
9908469
2309869
3084975
6556597
4683018
3411586
3310548
8072438
3698913
7643591
6052864
9642634
8456923
2218417
6803619
3264225
3262563
2356568
5494525
5942177
5580774
4684119
8269641
3328525
6713764
4027380
1271391
8076397
7190361
3389552
2960568
4656094
4808417
7450897
6720456
3767208
6826905
4666342
2043002
5624663
7462733
8708242
1812334
3456734
8675695
4529354
6880991
1615507
8140833
9887546
2785127
3634361
9107114
9256285
5502831
1195238
3400149
7180995
1504097
4367062
5443697
2501229
7104739
3355250
2924916
6883243
5877230
6367287
5350721
7397266
6779390
3513045
4650306
5497896
3158223
3330434
8734240
9415231
4014348
7392223
4300414
3208053
3108206
4161076
9217381
2862138
4999772
5527225
3125271
8455397
2446127
2265886
6092950
6094811
2373164
1673634
3955610
8361704
7458577
9744816
1558851
8746414
4423963
1576783
1866942
6310592
2759487
2820688
1709874
8060165
9431999
5771624
7552890
5656667
9880195
4056132
1982932
1972601
5607052
8696236
3464993
4332468
3214518
3724257
3928437
4916245
7679093
4590868
9936747
7269314
7481973
5863432
4027102
8390984
3825913
4192514
1382016
4089352
9354096
1359782
6372586
5383834
4076978
3398490
9757158
6820586
6884638
5210424
5841362
8409374
6557230
9275073
3568542
3322372
2749995
3895469
1343472
5880027
5765137
8185390
7191783
4443686
7126887
3660959
6955518
8953011
5344997
2295251
4229754
1413602
4804676
7717421
1133105
7906866
7951628
8967430
5421568
2460288
2588172
9622497
6143015
3931246
5725057
7619681
6180328
3467500
5322405
9581767
9247472
8705581
3012095
9645674
4569724
8897911
8824642
5016182
5635326
4033392
2614466
2003276
4053186
8947157
1484686
1587311
9263345
3203923
8659225
5004926
7778394
9745525
3619482
3262895
1462439
2207411
6782379
5025460
3932075
3518583
6174455
5285018
8826698
3598006
5851029
3341113
4900310
2539067
1821583
9854006
8436085
3859700
5856680
4356687
6144999
6865761
6452799
1685524
7530176
8764115
7660210
7663361
4125352
8467718
1557330
3337252
5284827
9251006
8161633
6733514
9249056
2158175
2592897
9156873
9729282
8098310
4217616
2683253
3542646
3579464
4963577
5056330
9132707
7951840
4254081
9305313
7983675
7593501
6686428
4665778
9148262
7052073
1995999
9145936
5315313
9199272
5014725
2111231
4168854
5363735
9444100
4751497
5150186
2624021
6488906
8156140
5694666
1235246
3679429
1629350
8225507
9904741
6181039
6244887
7530706
9131763
2190138
1843699
7280674
7560207
2879802
8135618
2319507
5007681
9678773
2604139
8751607
2032636
6358223
7937977
9456317
3881958
6231105
9280110
1511073
3273465
3057869
7083165
3252121
6746350
1434662
5175762
8228874
8444142
4534587
1852279
6484707
9533323
3727359
8287262
2215281
5256288
6381427
8110441
8838725
6226202
2005414
6557322
7236398
4937369
5655281
2778004
4908597
2762209
5037735
3770354
8030171
3273701
5601121
3532117
8136404
4332018
2454215
6466489
3774314
3618337
2717807
2137229
6785222
4094607
1869203
7370118
5287368
1481281
4830567
1616536
4690604
3927779
4674674
9920410
1616553
6838735
9398345
5889930
3484999
7952930
3149164
2030230
7808589
8152988
2448064
6907581
7830904
9349366
3463207
5948622
2751712
2850218
2602338
1171402
2443194
1488354
8513790
1314987
1656095
8380798
7918149
9610323
6453764
2106082
3535307
5542858
2155439
4720723
5112592
3124341
7190850
6764071
2877765
2782186
9623163
5431934
5427263
5698599
4917333
3151156
4864829
3278231
6851233
7098981
9647930
4496903
4330064
1148455
9748966
3370404
3716392
3960939
8949319
8560341
9988103
5786572
8625905
6688539
5492745
9902032
2960156
6766325
7712294
8921102
5964334
2666104
5357546
9103844
8272283
7931797
2698438
3022468
9404911
3284682
8942554
2971095
8974304
7656683
9799277
1119270
5974403
5017332
1662065
7398440
5498330
8625420
9380818
1732387
1753921
8659850
1224964
1169507
7291689
8619670
6250588
7911538
5496181
6021912
3315116
9359341
4624732
2494927
4897668
2659864
3964046
9929049
6575518
9135898
8102132
9147565
7579513
7792481
4494880
7395601
8286840
2185098
5665992
9156112
8730873
9336841
7367511
4930494
4582448
4394014
7931005
2857620
4632087
2697740
6206041
8356557
5815566
4158537
3996887
5940979
1225149
9145543
6202950
5306902
4460887
5904524
5165335
7194914
2257717
9427837
9371452
6804889
4264201
1150937
8432040
5758684
9014460
8730993
1490196
3069671
7255159
1985776
9765284
8741989
6702457
8207060
8107692
5021491
7818901
4400267
8503872
1760964
5847536
3125414
5245640
4551010
5402487
5080172
9960575
2834740
2637474
1702668
8387280
6866486
7226587
3314261
2013015
4362944
3575428
1817686
8864607
1901481
4252996
2414535
4129809
3210723
4102764
3214450
7287956
2653853
2417491
9910113
3552286
8006394
9850054
2186458
5367298
9972820
6983933
8328402
1415105
4514633
2793619
2760458
9142756
4720072
3650618
7913959
7295801
7804906
3123855
8799634
3269615
8006439
1745912
1462186
3861768
7086743
2654126
3905422
6896210
7659367
4643899
2673040
7590125
2467338
4556672
5681988
5174247
3812675
3070074
8291107
9395675
5189934
8712577
7761837
3716266
8291948
8953068
4109932
1122036
5214891
5581510
9636051
2714597
6730381
3839033
9334456
1231546
5667359
7198201
9719136
6159398
5057077
6217620
7537191
6073671
2297572
3262389
8563974
1712213
1765003
4954865
9189190
2761520
3838168
8917823
5818487
7473079
9761492
3936304
8441810
2285694
6097224
8444961
6215914
9629739
2503229
2480798
2672899
7147036
2499033
9080360
9155804
4568559
4865699
2042593
1799057
7485245
2626321
2849149
8785965
6049695
6142422
7247992
7324268
3626783
4225117
2413358
3734862
5219775
7475614
4318027
9128091
9000913
7867228
3482028
2184131
7811191
7235821
7609084
5110201
6961833
8562237
6913589
8298674
9146827
8658915
6742459
8314814
8058394
1527616
6661768
8885289
1810921
4025921
1946230
9936700
7851668
7596003
2227645
4958636
7222281
8298179
5192082
3132899
2313741
3091637
1607426
2704534
2054253
6675861
9473931
6713019
3604866
4156017
3518488
8654293
7388273
7642311
1308270
2332662
2260242
8213730
7961158
3150419
2081281
8891401
2413894
6829890
9060238
6365488
8329196
2344504
4273362
1364524
3260259
7719733
4792973
7033016
6778262
3657251
6923496
8543729
6540842
9821578
2673733
3798384
3722867
4989752
6917902
8110380
9230506
5726799
2639971
8219373
4201754
7809912
7230409
1868038
7926060
6862066
1254493
1825052
6126045
9528277
9657084
9313792
1502466
6256970
7550533
1974319
1644383
1605022
1356746
8314127
8295397
9387574
4598505
3975337
8962053
2878306
4096752
3636815
9706277
3414334
5489442
5792712
3970372
8701588
9631689
2767002
8164896
9503342
4752881
3782213
9173715
8588941
9700428
3654989
8733749
3155760
7060280
4196629
